Expert Matrix 1:
0 6 5 3 4 3 4 4 0 3
4 0 5 6 5 2 5 4 0 4
3 3 0 4 6 2 4 5 0 4
3 4 4 0 4 3 4 5 4 5
5 4 3 4 0 5 4 4 6 4
3 3 3 5 3 0 4 5 3 4
3 4 3 5 4 5 0 4 2 5
4 5 4 3 3 4 5 0 2 5
0 0 0 3 2 1 4 3 0 5
1 0 4 4 3 4 5 4 5 0

Expert 1 IFN Matrix :
(0.10, 0.90) (0.90, 0.10) (0.80, 0.05) (0.50, 0.50) (0.65, 0.25) (0.50, 0.50) (0.65, 0.25) (0.65, 0.25) (0.10, 0.90) (0.50, 0.50)
(0.65, 0.25) (0.10, 0.90) (0.80, 0.05) (0.90, 0.10) (0.80, 0.05) (0.30, 0.55) (0.80, 0.05) (0.65, 0.25) (0.10, 0.90) (0.65, 0.25)
(0.50, 0.50) (0.50, 0.50) (0.10, 0.90) (0.65, 0.25) (0.90, 0.10) (0.30, 0.55) (0.65, 0.25) (0.80, 0.05) (0.10, 0.90) (0.65, 0.25)
(0.50, 0.50) (0.65, 0.25) (0.65, 0.25) (0.10, 0.90) (0.65, 0.25) (0.50, 0.50) (0.65, 0.25) (0.80, 0.05) (0.65, 0.25) (0.80, 0.05)
(0.80, 0.05) (0.65, 0.25) (0.50, 0.50) (0.65, 0.25) (0.10, 0.90) (0.80, 0.05) (0.65, 0.25) (0.65, 0.25) (0.90, 0.10) (0.65, 0.25)
(0.50, 0.50) (0.50, 0.50) (0.50, 0.50) (0.80, 0.05) (0.50, 0.50) (0.10, 0.90) (0.65, 0.25) (0.80, 0.05) (0.50, 0.50) (0.65, 0.25)
(0.50, 0.50) (0.65, 0.25) (0.50, 0.50) (0.80, 0.05) (0.65, 0.25) (0.80, 0.05) (0.10, 0.90) (0.65, 0.25) (0.30, 0.55) (0.80, 0.05)
(0.65, 0.25) (0.80, 0.05) (0.65, 0.25) (0.50, 0.50) (0.50, 0.50) (0.65, 0.25) (0.80, 0.05) (0.10, 0.90) (0.30, 0.55) (0.80, 0.05)
(0.10, 0.90) (0.10, 0.90) (0.10, 0.90) (0.50, 0.50) (0.30, 0.55) (0.20, 0.65) (0.65, 0.25) (0.50, 0.50) (0.10, 0.90) (0.80, 0.05)
(0.20, 0.65) (0.10, 0.90) (0.65, 0.25) (0.65, 0.25) (0.50, 0.50) (0.65, 0.25) (0.80, 0.05) (0.65, 0.25) (0.80, 0.05) (0.10, 0.90)

Expert Matrix 2:
0 2 3 3 4 4 1 2 6 5
0 0 3 5 6 2 3 4 4 5
4 6 0 2 3 2 4 3 5 6
5 4 3 0 6 6 4 4 5 6
4 5 4 5 0 6 3 3 4 5
2 2 3 5 4 0 3 2 6 6
5 5 4 6 6 5 0 4 6 6
6 6 5 6 3 4 4 0 3 5
2 3 3 4 4 3 4 5 0 6
6 6 5 5 5 6 4 5 6 0

Expert 2 IFN Matrix :
(0.10, 0.90) (0.30, 0.55) (0.50, 0.50) (0.50, 0.50) (0.65, 0.25) (0.65, 0.25) (0.20, 0.65) (0.30, 0.55) (0.90, 0.10) (0.80, 0.05)
(0.10, 0.90) (0.10, 0.90) (0.50, 0.50) (0.80, 0.05) (0.90, 0.10) (0.30, 0.55) (0.50, 0.50) (0.65, 0.25) (0.65, 0.25) (0.80, 0.05)
(0.65, 0.25) (0.90, 0.10) (0.10, 0.90) (0.30, 0.55) (0.50, 0.50) (0.30, 0.55) (0.65, 0.25) (0.50, 0.50) (0.80, 0.05) (0.90, 0.10)
(0.80, 0.05) (0.65, 0.25) (0.50, 0.50) (0.10, 0.90) (0.90, 0.10) (0.90, 0.10) (0.65, 0.25) (0.65, 0.25) (0.80, 0.05) (0.90, 0.10)
(0.65, 0.25) (0.80, 0.05) (0.65, 0.25) (0.80, 0.05) (0.10, 0.90) (0.90, 0.10) (0.50, 0.50) (0.50, 0.50) (0.65, 0.25) (0.80, 0.05)
(0.30, 0.55) (0.30, 0.55) (0.50, 0.50) (0.80, 0.05) (0.65, 0.25) (0.10, 0.90) (0.50, 0.50) (0.30, 0.55) (0.90, 0.10) (0.90, 0.10)
(0.80, 0.05) (0.80, 0.05) (0.65, 0.25) (0.90, 0.10) (0.90, 0.10) (0.80, 0.05) (0.10, 0.90) (0.65, 0.25) (0.90, 0.10) (0.90, 0.10)
(0.90, 0.10) (0.90, 0.10) (0.80, 0.05) (0.90, 0.10) (0.50, 0.50) (0.65, 0.25) (0.65, 0.25) (0.10, 0.90) (0.50, 0.50) (0.80, 0.05)
(0.30, 0.55) (0.50, 0.50) (0.50, 0.50) (0.65, 0.25) (0.65, 0.25) (0.50, 0.50) (0.65, 0.25) (0.80, 0.05) (0.10, 0.90) (0.90, 0.10)
(0.90, 0.10) (0.90, 0.10) (0.80, 0.05) (0.80, 0.05) (0.80, 0.05) (0.90, 0.10) (0.65, 0.25) (0.80, 0.05) (0.90, 0.10) (0.10, 0.90)

Expert Matrix 3:
0 0 0 5 5 4 0 0 0 6
6 0 0 6 6 5 4 0 0 6
4 5 0 6 6 6 0 5 5 6
0 0 6 0 6 6 6 6 5 6
0 3 6 6 0 5 4 5 4 6
6 6 4 0 0 0 0 6 5 6
4 5 6 6 6 6 0 6 4 5
0 0 6 6 6 4 3 0 0 6
3 4 6 6 6 6 6 3 0 6
5 6 6 6 6 6 4 6 6 0

Expert 3 IFN Matrix :
(0.10, 0.90) (0.10, 0.90) (0.10, 0.90) (0.80, 0.05) (0.80, 0.05) (0.65, 0.25) (0.10, 0.90) (0.10, 0.90) (0.10, 0.90) (0.90, 0.10)
(0.90, 0.10) (0.10, 0.90) (0.10, 0.90) (0.90, 0.10) (0.90, 0.10) (0.80, 0.05) (0.65, 0.25) (0.10, 0.90) (0.10, 0.90) (0.90, 0.10)
(0.65, 0.25) (0.80, 0.05) (0.10, 0.90) (0.90, 0.10) (0.90, 0.10) (0.90, 0.10) (0.10, 0.90) (0.80, 0.05) (0.80, 0.05) (0.90, 0.10)
(0.10, 0.90) (0.10, 0.90) (0.90, 0.10) (0.10, 0.90) (0.90, 0.10) (0.90, 0.10) (0.90, 0.10) (0.90, 0.10) (0.80, 0.05) (0.90, 0.10)
(0.10, 0.90) (0.50, 0.50) (0.90, 0.10) (0.90, 0.10) (0.10, 0.90) (0.80, 0.05) (0.65, 0.25) (0.80, 0.05) (0.65, 0.25) (0.90, 0.10)
(0.90, 0.10) (0.90, 0.10) (0.65, 0.25) (0.10, 0.90) (0.10, 0.90) (0.10, 0.90) (0.10, 0.90) (0.90, 0.10) (0.80, 0.05) (0.90, 0.10)
(0.65, 0.25) (0.80, 0.05) (0.90, 0.10) (0.90, 0.10) (0.90, 0.10) (0.90, 0.10) (0.10, 0.90) (0.90, 0.10) (0.65, 0.25) (0.80, 0.05)
(0.10, 0.90) (0.10, 0.90) (0.90, 0.10) (0.90, 0.10) (0.90, 0.10) (0.65, 0.25) (0.50, 0.50) (0.10, 0.90) (0.10, 0.90) (0.90, 0.10)
(0.50, 0.50) (0.65, 0.25) (0.90, 0.10) (0.90, 0.10) (0.90, 0.10) (0.90, 0.10) (0.90, 0.10) (0.50, 0.50) (0.10, 0.90) (0.90, 0.10)
(0.80, 0.05) (0.90, 0.10) (0.90, 0.10) (0.90, 0.10) (0.90, 0.10) (0.90, 0.10) (0.65, 0.25) (0.90, 0.10) (0.90, 0.10) (0.10, 0.90)

Expert Matrix 4:
0 3 3 0 0 3 0 3 0 3
3 0 6 0 0 3 0 3 0 3
0 6 0 1 0 6 0 6 0 6
6 6 6 0 0 6 0 6 0 6
6 6 6 6 0 5 0 6 0 6
6 6 1 3 0 0 0 6 0 6
6 6 6 6 1 3 0 2 0 6
0 0 1 6 6 6 5 0 0 3
0 0 1 0 1 6 1 6 0 0
6 6 5 0 1 0 1 0 0 0

Expert 4 IFN Matrix :
(0.10, 0.90) (0.50, 0.50) (0.50, 0.50) (0.10, 0.90) (0.10, 0.90) (0.50, 0.50) (0.10, 0.90) (0.50, 0.50) (0.10, 0.90) (0.50, 0.50)
(0.50, 0.50) (0.10, 0.90) (0.90, 0.10) (0.10, 0.90) (0.10, 0.90) (0.50, 0.50) (0.10, 0.90) (0.50, 0.50) (0.10, 0.90) (0.50, 0.50)
(0.10, 0.90) (0.90, 0.10) (0.10, 0.90) (0.20, 0.65) (0.10, 0.90) (0.90, 0.10) (0.10, 0.90) (0.90, 0.10) (0.10, 0.90) (0.90, 0.10)
(0.90, 0.10) (0.90, 0.10) (0.90, 0.10) (0.10, 0.90) (0.10, 0.90) (0.90, 0.10) (0.10, 0.90) (0.90, 0.10) (0.10, 0.90) (0.90, 0.10)
(0.90, 0.10) (0.90, 0.10) (0.90, 0.10) (0.90, 0.10) (0.10, 0.90) (0.80, 0.05) (0.10, 0.90) (0.90, 0.10) (0.10, 0.90) (0.90, 0.10)
(0.90, 0.10) (0.90, 0.10) (0.20, 0.65) (0.50, 0.50) (0.10, 0.90) (0.10, 0.90) (0.10, 0.90) (0.90, 0.10) (0.10, 0.90) (0.90, 0.10)
(0.90, 0.10) (0.90, 0.10) (0.90, 0.10) (0.90, 0.10) (0.20, 0.65) (0.50, 0.50) (0.10, 0.90) (0.30, 0.55) (0.10, 0.90) (0.90, 0.10)
(0.10, 0.90) (0.10, 0.90) (0.20, 0.65) (0.90, 0.10) (0.90, 0.10) (0.90, 0.10) (0.80, 0.05) (0.10, 0.90) (0.10, 0.90) (0.50, 0.50)
(0.10, 0.90) (0.10, 0.90) (0.20, 0.65) (0.10, 0.90) (0.20, 0.65) (0.90, 0.10) (0.20, 0.65) (0.90, 0.10) (0.10, 0.90) (0.10, 0.90)
(0.90, 0.10) (0.90, 0.10) (0.80, 0.05) (0.10, 0.90) (0.20, 0.65) (0.10, 0.90) (0.20, 0.65) (0.10, 0.90) (0.10, 0.90) (0.10, 0.90)

Expert Matrix 5:
0 6 4 3 6 5 5 6 5 6
6 0 0 1 6 6 6 1 1 6
4 0 0 6 5 5 6 6 4 2
3 1 6 0 4 4 4 5 3 5
6 6 5 4 0 6 6 6 6 6
5 6 5 4 6 0 1 1 1 1
5 6 6 4 6 1 0 6 6 6
6 1 6 5 6 1 6 0 6 6
5 1 4 3 6 1 6 6 0 5
5 6 2 5 6 1 6 6 5 0

Expert 5 IFN Matrix :
(0.10, 0.90) (0.90, 0.10) (0.65, 0.25) (0.50, 0.50) (0.90, 0.10) (0.80, 0.05) (0.80, 0.05) (0.90, 0.10) (0.80, 0.05) (0.90, 0.10)
(0.90, 0.10) (0.10, 0.90) (0.10, 0.90) (0.20, 0.65) (0.90, 0.10) (0.90, 0.10) (0.90, 0.10) (0.20, 0.65) (0.20, 0.65) (0.90, 0.10)
(0.65, 0.25) (0.10, 0.90) (0.10, 0.90) (0.90, 0.10) (0.80, 0.05) (0.80, 0.05) (0.90, 0.10) (0.90, 0.10) (0.65, 0.25) (0.30, 0.55)
(0.50, 0.50) (0.20, 0.65) (0.90, 0.10) (0.10, 0.90) (0.65, 0.25) (0.65, 0.25) (0.65, 0.25) (0.80, 0.05) (0.50, 0.50) (0.80, 0.05)
(0.90, 0.10) (0.90, 0.10) (0.80, 0.05) (0.65, 0.25) (0.10, 0.90) (0.90, 0.10) (0.90, 0.10) (0.90, 0.10) (0.90, 0.10) (0.90, 0.10)
(0.80, 0.05) (0.90, 0.10) (0.80, 0.05) (0.65, 0.25) (0.90, 0.10) (0.10, 0.90) (0.20, 0.65) (0.20, 0.65) (0.20, 0.65) (0.20, 0.65)
(0.80, 0.05) (0.90, 0.10) (0.90, 0.10) (0.65, 0.25) (0.90, 0.10) (0.20, 0.65) (0.10, 0.90) (0.90, 0.10) (0.90, 0.10) (0.90, 0.10)
(0.90, 0.10) (0.20, 0.65) (0.90, 0.10) (0.80, 0.05) (0.90, 0.10) (0.20, 0.65) (0.90, 0.10) (0.10, 0.90) (0.90, 0.10) (0.90, 0.10)
(0.80, 0.05) (0.20, 0.65) (0.65, 0.25) (0.50, 0.50) (0.90, 0.10) (0.20, 0.65) (0.90, 0.10) (0.90, 0.10) (0.10, 0.90) (0.80, 0.05)
(0.80, 0.05) (0.90, 0.10) (0.30, 0.55) (0.80, 0.05) (0.90, 0.10) (0.20, 0.65) (0.90, 0.10) (0.90, 0.10) (0.80, 0.05) (0.10, 0.90)

IFPIO Matrix (Intuitionistic Fuzzy Positive Ideal Opinion Matrix):
(   0.10000,    0.90000) (   0.41392,    0.55112) (   0.41955,    0.55317) (   0.39811,    0.58797) (   0.49732,    0.45497) (   0.61006,    0.33141) (   0.25317,    0.69844) (   0.38784,    0.56719) (   0.23522,    0.75656) (   0.69487,    0.28083)
(   0.48314,    0.50283) (   0.10000,    0.90000) (   0.32453,    0.66412) (   0.41930,    0.51465) (   0.56645,    0.41374) (   0.50363,    0.38698) (   0.47189,    0.49743) (   0.33509,    0.60314) (   0.16703,    0.80777) (   0.73230,    0.22008)
(   0.42417,    0.53780) (   0.50363,    0.47876) (   0.10000,    0.90000) (   0.50108,    0.37459) (   0.50363,    0.47876) (   0.56645,    0.31051) (   0.32811,    0.65257) (   0.76336,    0.18233) (   0.33406,    0.63178) (   0.67694,    0.24456)
(   0.44777,    0.53657) (   0.37689,    0.55364) (   0.74976,    0.22847) (   0.10000,    0.90000) (   0.50917,    0.46084) (   0.74976,    0.22847) (   0.47709,    0.48014) (   0.80448,    0.11326) (   0.46091,    0.49196) (   0.85858,    0.08032)
(   0.53076,    0.43473) (   0.73230,    0.22008) (   0.73230,    0.22008) (   0.77176,    0.15420) (   0.10000,    0.90000) (   0.83859,    0.07032) (   0.45270,    0.52063) (   0.73230,    0.22008) (   0.50917,    0.46084) (   0.82366,    0.12279)
(   0.62738,    0.29583) (   0.64234,    0.30340) (   0.48194,    0.42594) (   0.46091,    0.49196) (   0.31133,    0.67963) (   0.10000,    0.90000) (   0.23045,    0.73477) (   0.52233,    0.34431) (   0.37279,    0.56848) (   0.62421,    0.28159)
(   0.71526,    0.21160) (   0.80448,    0.11326) (   0.74976,    0.22847) (   0.82366,    0.12279) (   0.62421,    0.28159) (   0.56505,    0.32307) (   0.10000,    0.90000) (   0.63429,    0.27161) (   0.43622,    0.51320) (   0.85858,    0.08032)
(   0.35017,    0.63966) (   0.27019,    0.68724) (   0.60968,    0.27378) (   0.78155,    0.19112) (   0.71143,    0.28857) (   0.54803,    0.33212) (   0.71526,    0.21160) (   0.10000,    0.90000) (   0.26673,    0.71074) (   0.76336,    0.18233)
(   0.26052,    0.70760) (   0.23045,    0.73477) (   0.35763,    0.58841) (   0.42956,    0.55797) (   0.50108,    0.37459) (   0.43843,    0.45157) (   0.58488,    0.30732) (   0.69487,    0.28083) (   0.10000,    0.90000) (   0.55326,    0.40737)
(   0.63553,    0.23862) (   0.57995,    0.42005) (   0.64579,    0.22804) (   0.51840,    0.42859) (   0.57852,    0.33035) (   0.40224,    0.53706) (   0.57127,    0.29979) (   0.53076,    0.43473) (   0.55326,    0.40737) (   0.10000,    0.90000)

IFNIO Matrix (Intuitionistic Fuzzy Negative Ideal Opinion Matrix):
(   0.90000,    0.10000) (   0.55112,    0.41392) (   0.55317,    0.41955) (   0.58797,    0.39811) (   0.45497,    0.49732) (   0.33141,    0.61006) (   0.69844,    0.25317) (   0.56719,    0.38784) (   0.75656,    0.23522) (   0.28083,    0.69487)
(   0.50283,    0.48314) (   0.90000,    0.10000) (   0.66412,    0.32453) (   0.51465,    0.41930) (   0.41374,    0.56645) (   0.38698,    0.50363) (   0.49743,    0.47189) (   0.60314,    0.33509) (   0.80777,    0.16703) (   0.22008,    0.73230)
(   0.53780,    0.42417) (   0.47876,    0.50363) (   0.90000,    0.10000) (   0.37459,    0.50108) (   0.47876,    0.50363) (   0.31051,    0.56645) (   0.65257,    0.32811) (   0.18233,    0.76336) (   0.63178,    0.33406) (   0.24456,    0.67694)
(   0.53657,    0.44777) (   0.55364,    0.37689) (   0.22847,    0.74976) (   0.90000,    0.10000) (   0.46084,    0.50917) (   0.22847,    0.74976) (   0.48014,    0.47709) (   0.11326,    0.80448) (   0.49196,    0.46091) (   0.08032,    0.85858)
(   0.43473,    0.53076) (   0.22008,    0.73230) (   0.22008,    0.73230) (   0.15420,    0.77176) (   0.90000,    0.10000) (   0.07032,    0.83859) (   0.52063,    0.45270) (   0.22008,    0.73230) (   0.46084,    0.50917) (   0.12279,    0.82366)
(   0.29583,    0.62738) (   0.30340,    0.64234) (   0.42594,    0.48194) (   0.49196,    0.46091) (   0.67963,    0.31133) (   0.90000,    0.10000) (   0.73477,    0.23045) (   0.34431,    0.52233) (   0.56848,    0.37279) (   0.28159,    0.62421)
(   0.21160,    0.71526) (   0.11326,    0.80448) (   0.22847,    0.74976) (   0.12279,    0.82366) (   0.28159,    0.62421) (   0.32307,    0.56505) (   0.90000,    0.10000) (   0.27161,    0.63429) (   0.51320,    0.43622) (   0.08032,    0.85858)
(   0.63966,    0.35017) (   0.68724,    0.27019) (   0.27378,    0.60968) (   0.19112,    0.78155) (   0.28857,    0.71143) (   0.33212,    0.54803) (   0.21160,    0.71526) (   0.90000,    0.10000) (   0.71074,    0.26673) (   0.18233,    0.76336)
(   0.70760,    0.26052) (   0.73477,    0.23045) (   0.58841,    0.35763) (   0.55797,    0.42956) (   0.37459,    0.50108) (   0.45157,    0.43843) (   0.30732,    0.58488) (   0.28083,    0.69487) (   0.90000,    0.10000) (   0.40737,    0.55326)
(   0.23862,    0.63553) (   0.42005,    0.57995) (   0.22804,    0.64579) (   0.42859,    0.51840) (   0.33035,    0.57852) (   0.53706,    0.40224) (   0.29979,    0.57127) (   0.43473,    0.53076) (   0.40737,    0.55326) (   0.90000,    0.10000)

IFLNIO Matrix (Intuitionistic Fuzzy Left Negative Ideal Opinion Matrix):
(   0.10000,    0.90000) (   0.10000,    0.90000) (   0.10000,    0.90000) (   0.10000,    0.90000) (   0.10000,    0.90000) (   0.50000,    0.50000) (   0.10000,    0.90000) (   0.10000,    0.90000) (   0.10000,    0.90000) (   0.50000,    0.50000)
(   0.10000,    0.90000) (   0.10000,    0.90000) (   0.10000,    0.90000) (   0.10000,    0.90000) (   0.10000,    0.90000) (   0.30000,    0.55000) (   0.10000,    0.90000) (   0.10000,    0.90000) (   0.10000,    0.90000) (   0.50000,    0.50000)
(   0.10000,    0.90000) (   0.10000,    0.90000) (   0.10000,    0.90000) (   0.20000,    0.65000) (   0.10000,    0.90000) (   0.30000,    0.55000) (   0.10000,    0.90000) (   0.50000,    0.50000) (   0.10000,    0.90000) (   0.30000,    0.55000)
(   0.10000,    0.90000) (   0.10000,    0.90000) (   0.50000,    0.50000) (   0.10000,    0.90000) (   0.10000,    0.90000) (   0.50000,    0.50000) (   0.10000,    0.90000) (   0.65000,    0.25000) (   0.10000,    0.90000) (   0.80000,    0.10000)
(   0.10000,    0.90000) (   0.50000,    0.50000) (   0.50000,    0.50000) (   0.65000,    0.25000) (   0.10000,    0.90000) (   0.80000,    0.10000) (   0.10000,    0.90000) (   0.50000,    0.50000) (   0.10000,    0.90000) (   0.65000,    0.25000)
(   0.30000,    0.55000) (   0.30000,    0.55000) (   0.20000,    0.65000) (   0.10000,    0.90000) (   0.10000,    0.90000) (   0.10000,    0.90000) (   0.10000,    0.90000) (   0.20000,    0.65000) (   0.10000,    0.90000) (   0.20000,    0.65000)
(   0.50000,    0.50000) (   0.65000,    0.25000) (   0.50000,    0.50000) (   0.65000,    0.25000) (   0.20000,    0.65000) (   0.20000,    0.65000) (   0.10000,    0.90000) (   0.30000,    0.55000) (   0.10000,    0.90000) (   0.80000,    0.10000)
(   0.10000,    0.90000) (   0.10000,    0.90000) (   0.20000,    0.65000) (   0.50000,    0.50000) (   0.50000,    0.50000) (   0.20000,    0.65000) (   0.50000,    0.50000) (   0.10000,    0.90000) (   0.10000,    0.90000) (   0.50000,    0.50000)
(   0.10000,    0.90000) (   0.10000,    0.90000) (   0.10000,    0.90000) (   0.10000,    0.90000) (   0.20000,    0.65000) (   0.20000,    0.65000) (   0.20000,    0.65000) (   0.50000,    0.50000) (   0.10000,    0.90000) (   0.10000,    0.90000)
(   0.20000,    0.65000) (   0.10000,    0.90000) (   0.30000,    0.55000) (   0.10000,    0.90000) (   0.20000,    0.65000) (   0.10000,    0.90000) (   0.20000,    0.65000) (   0.10000,    0.90000) (   0.10000,    0.90000) (   0.10000,    0.90000)

IFRNIO Matrix (Intuitionistic Fuzzy Right Negative Ideal Opinion Matrix):
(   0.10000,    0.90000) (   0.90000,    0.10000) (   0.80000,    0.05000) (   0.80000,    0.05000) (   0.90000,    0.05000) (   0.80000,    0.05000) (   0.80000,    0.05000) (   0.90000,    0.10000) (   0.90000,    0.05000) (   0.90000,    0.05000)
(   0.90000,    0.10000) (   0.10000,    0.90000) (   0.90000,    0.05000) (   0.90000,    0.05000) (   0.90000,    0.05000) (   0.90000,    0.05000) (   0.90000,    0.05000) (   0.65000,    0.25000) (   0.65000,    0.25000) (   0.90000,    0.05000)
(   0.65000,    0.25000) (   0.90000,    0.05000) (   0.10000,    0.90000) (   0.90000,    0.10000) (   0.90000,    0.05000) (   0.90000,    0.05000) (   0.90000,    0.10000) (   0.90000,    0.05000) (   0.80000,    0.05000) (   0.90000,    0.10000)
(   0.90000,    0.05000) (   0.90000,    0.10000) (   0.90000,    0.10000) (   0.10000,    0.90000) (   0.90000,    0.10000) (   0.90000,    0.10000) (   0.90000,    0.10000) (   0.90000,    0.05000) (   0.80000,    0.05000) (   0.90000,    0.05000)
(   0.90000,    0.05000) (   0.90000,    0.05000) (   0.90000,    0.05000) (   0.90000,    0.05000) (   0.10000,    0.90000) (   0.90000,    0.05000) (   0.90000,    0.10000) (   0.90000,    0.05000) (   0.90000,    0.10000) (   0.90000,    0.05000)
(   0.90000,    0.05000) (   0.90000,    0.10000) (   0.80000,    0.05000) (   0.80000,    0.05000) (   0.90000,    0.10000) (   0.10000,    0.90000) (   0.65000,    0.25000) (   0.90000,    0.05000) (   0.90000,    0.05000) (   0.90000,    0.10000)
(   0.90000,    0.05000) (   0.90000,    0.05000) (   0.90000,    0.10000) (   0.90000,    0.05000) (   0.90000,    0.10000) (   0.90000,    0.05000) (   0.10000,    0.90000) (   0.90000,    0.10000) (   0.90000,    0.10000) (   0.90000,    0.05000)
(   0.90000,    0.10000) (   0.90000,    0.05000) (   0.90000,    0.05000) (   0.90000,    0.05000) (   0.90000,    0.10000) (   0.90000,    0.10000) (   0.90000,    0.05000) (   0.10000,    0.90000) (   0.90000,    0.10000) (   0.90000,    0.05000)
(   0.80000,    0.05000) (   0.65000,    0.25000) (   0.90000,    0.10000) (   0.90000,    0.10000) (   0.90000,    0.10000) (   0.90000,    0.10000) (   0.90000,    0.10000) (   0.90000,    0.05000) (   0.10000,    0.90000) (   0.90000,    0.05000)
(   0.90000,    0.05000) (   0.90000,    0.10000) (   0.90000,    0.05000) (   0.90000,    0.05000) (   0.90000,    0.05000) (   0.90000,    0.10000) (   0.90000,    0.05000) (   0.90000,    0.05000) (   0.90000,    0.05000) (   0.10000,    0.90000)

Distance Matrix between IFPIO and IFN1:
   0.00000    0.47422    0.42498    0.09722    0.17140    0.13014    0.41531    0.28183    0.13797    0.20307
   0.19715    0.00000    0.52541    0.45796    0.28063    0.18833    0.37147    0.32868    0.07554    0.06355
   0.06291    0.00955    0.00000    0.13990    0.39045    0.25624    0.35039    0.07180    0.24564    0.01914
   0.04697    0.28415    0.07209    0.00000    0.16568    0.25709    0.19335    0.02072    0.20801    0.02596
   0.31129    0.06355    0.24855    0.11235    0.00000    0.01675    0.22329    0.06355    0.38068    0.15698
   0.15396    0.16092    0.01406    0.37676    0.18564    0.00000    0.44275    0.28400    0.10706    0.02791
   0.24053    0.14803    0.25709    0.01177    0.02791    0.24932    0.00000    0.01787    0.09976    0.02596
   0.33142    0.56907    0.03421    0.29079    0.21143    0.09463    0.11322    0.00000    0.07943    0.07180
   0.17132    0.14225    0.27610    0.06626    0.19135    0.22336    0.06225    0.20307    0.00000    0.28710
   0.42637    0.47995    0.00550    0.14846    0.11028    0.26191    0.23673    0.14254    0.28710    0.00000

Distance Matrix between IFPIO and IFN2:
   0.00000    0.07203    0.07123    0.09722    0.17140    0.05486    0.01883    0.04942    0.66203    0.15068
   0.38785    0.00000    0.17166    0.41171    0.32688    0.18833    0.01772    0.32868    0.50946    0.10520
   0.24791    0.39045    0.00000    0.19135    0.00955    0.25624    0.35039    0.28195    0.50811    0.19586
   0.40072    0.28415    0.25709    0.00000    0.38068    0.14291    0.19335    0.14803    0.37676    0.02043
   0.14254    0.10520    0.06355    0.05640    0.00000    0.02966    0.03829    0.24855    0.16568    0.01177
   0.30021    0.30717    0.01406    0.37676    0.37064    0.00000    0.25775    0.21600    0.50706    0.24291
   0.11322    0.02072    0.07209    0.05802    0.24291    0.24932    0.00000    0.01787    0.44649    0.02043
   0.54642    0.61532    0.20296    0.10921    0.21143    0.09463    0.05553    0.00000    0.22568    0.07180
   0.08243    0.25775    0.12390    0.25126    0.13990    0.02418    0.06225    0.15068    0.00000    0.33335
   0.21988    0.32005    0.16325    0.31721    0.24347    0.47691    0.06798    0.31129    0.33335    0.00000

Distance Matrix between IFPIO and IFN3:
   0.00000    0.32578    0.32877    0.45097    0.34015    0.05486    0.16969    0.30317    0.13797    0.19693
   0.41215    0.00000    0.22834    0.45796    0.32688    0.31167    0.20272    0.25632    0.07554    0.15145
   0.24791    0.34420    0.00000    0.35490    0.39045    0.29001    0.23461    0.07180    0.50811    0.19586
   0.35303    0.30085    0.14291    0.00000    0.38068    0.14291    0.40835    0.06697    0.37676    0.02043
   0.44246    0.24855    0.15145    0.10265    0.00000    0.01675    0.22329    0.10520    0.16568    0.05802
   0.24604    0.23908    0.17094    0.37699    0.21436    0.00000    0.14225    0.33025    0.46081    0.24291
   0.05553    0.02072    0.14291    0.05802    0.24291    0.29557    0.00000    0.23287    0.23149    0.02596
   0.25358    0.18468    0.24921    0.10921    0.18857    0.09463    0.24053    0.00000    0.17432    0.11805
   0.22868    0.44275    0.52390    0.46626    0.35490    0.42289    0.27725    0.20307    0.00000    0.33335
   0.17363    0.32005    0.20950    0.36346    0.28972    0.47691    0.06798    0.35754    0.33335    0.00000

Distance Matrix between IFPIO and IFN4:
   0.00000    0.07422    0.07123    0.30278    0.41360    0.13014    0.16969    0.09683    0.13797    0.20307
   0.01215    0.00000    0.57166    0.34204    0.47312    0.04208    0.38228    0.14368    0.07554    0.24855
   0.33709    0.39045    0.00000    0.29135    0.40955    0.29001    0.23461    0.11805    0.24564    0.19586
   0.44697    0.49915    0.14291    0.00000    0.41932    0.14291    0.39165    0.06697    0.37699    0.02043
   0.35754    0.15145    0.15145    0.10265    0.00000    0.01675    0.36171    0.15145    0.41932    0.05802
   0.24604    0.23908    0.26031    0.02301    0.21436    0.00000    0.14225    0.33025    0.29294    0.24291
   0.15947    0.06697    0.14291    0.05802    0.40334    0.10443    0.00000    0.31338    0.35351    0.02043
   0.25358    0.18468    0.39704    0.10921    0.18857    0.30963    0.11322    0.00000    0.17432    0.28195
   0.17132    0.14225    0.12235    0.33374    0.29135    0.42289    0.36900    0.19693    0.00000    0.46665
   0.21988    0.32005    0.16325    0.43654    0.35653    0.32309    0.36327    0.44246    0.46665    0.00000

Distance Matrix between IFPIO and IFN5:
   0.00000    0.47422    0.25623    0.09722    0.38640    0.22361    0.58406    0.49683    0.61578    0.19693
   0.41215    0.00000    0.22834    0.18829    0.32688    0.35792    0.41772    0.10257    0.07821    0.15145
   0.24791    0.40955    0.00000    0.35490    0.34420    0.24376    0.56539    0.11805    0.33936    0.35039
   0.04697    0.14710    0.14291    0.00000    0.16568    0.07209    0.19335    0.02072    0.02301    0.02596
   0.35754    0.15145    0.10520    0.11235    0.00000    0.02966    0.43829    0.15145    0.38068    0.05802
   0.19979    0.23908    0.33969    0.20801    0.58564    0.00000    0.01150    0.31600    0.13919    0.40334
   0.11322    0.06697    0.14291    0.15698    0.24291    0.35068    0.00000    0.23287    0.44649    0.02043
   0.54642    0.03121    0.24921    0.06296    0.18857    0.33662    0.15947    0.00000    0.62568    0.11805
   0.58243    0.01150    0.30890    0.06626    0.35490    0.22336    0.27725    0.19693    0.00000    0.28710
   0.17363    0.32005    0.33675    0.31721    0.28972    0.16934    0.28298    0.35754    0.28710    0.00000

Distance Matrix between IFNIO and IFN1:
   0.80000    0.33702    0.29137    0.09264    0.21374    0.14851    0.02996    0.10248    0.65931    0.21097
   0.17746    0.80000    0.18583    0.36261    0.43334    0.07169    0.34594    0.06063    0.71628    0.44867
   0.05072    0.01532    0.80000    0.26639    0.41532    0.00233    0.02593    0.65283    0.54337    0.41325
   0.04183    0.10740    0.44919    0.80000    0.21402    0.26419    0.19030    0.71195    0.17696    0.75244
   0.40732    0.44867    0.26367    0.50520    0.80000    0.75168    0.15536    0.44867    0.42902    0.54388
   0.17759    0.17802    0.04194    0.34571    0.18265    0.80000    0.06156    0.46202    0.08863    0.37053
   0.26312    0.54320    0.26419    0.71263    0.37053    0.49130    0.80000    0.38055    0.17674    0.75244
   0.04193    0.15202    0.37011    0.29965    0.21143    0.31054    0.61687    0.80000    0.36459    0.65283
   0.61840    0.64656    0.50688    0.06216    0.06486    0.23650    0.33981    0.21097    0.80000    0.43300
   0.02946    0.32005    0.41225    0.23827    0.13789    0.12709    0.50821    0.23857    0.43300    0.80000

Distance Matrix between IFNIO and IFN2:
   0.80000    0.20923    0.06238    0.09264    0.21374    0.33351    0.46121    0.22877    0.14069    0.56472
   0.40754    0.80000    0.16792    0.31636    0.47959    0.07169    0.00781    0.06063    0.13128    0.61742
   0.13428    0.41532    0.80000    0.06486    0.01532    0.00233    0.02593    0.29908    0.21038    0.62825
   0.31192    0.10740    0.26419    0.80000    0.42902    0.66419    0.19030    0.54320    0.34571    0.79869
   0.23857    0.61742    0.44867    0.67395    0.80000    0.79793    0.02964    0.26367    0.21402    0.71263
   0.03134    0.03177    0.04194    0.34571    0.00235    0.80000    0.24656    0.03798    0.31137    0.58553
   0.61687    0.71195    0.44919    0.75888    0.58553    0.49130    0.80000    0.38055    0.36951    0.79869
   0.25693    0.19827    0.53886    0.69965    0.21143    0.31054    0.44812    0.80000    0.21834    0.65283
   0.36465    0.24656    0.10688    0.12284    0.26639    0.01248    0.33981    0.56472    0.80000    0.47925
   0.61679    0.47995    0.58100    0.40702    0.49164    0.34209    0.33946    0.40732    0.47925    0.80000

Distance Matrix between IFNIO and IFN3:
   0.80000    0.46298    0.46238    0.26111    0.38249    0.33351    0.61496    0.48252    0.65931    0.61097
   0.39246    0.80000    0.56792    0.36261    0.47959    0.42831    0.17719    0.52437    0.71628    0.66367
   0.13428    0.36907    0.80000    0.48139    0.41532    0.54595    0.55907    0.65283    0.21038    0.62825
   0.44183    0.47760    0.66419    0.80000    0.42902    0.66419    0.40530    0.75820    0.34571    0.79869
   0.34643    0.26367    0.66367    0.72020    0.80000    0.75168    0.15536    0.61742    0.21402    0.75888
   0.57759    0.57802    0.22694    0.40804    0.58265    0.80000    0.64656    0.50827    0.26512    0.58553
   0.44812    0.71195    0.66419    0.75888    0.58553    0.53755    0.80000    0.59555    0.15451    0.75244
   0.54307    0.60173    0.58511    0.69965    0.61143    0.31054    0.26312    0.80000    0.61834    0.69908
   0.21840    0.06156    0.29312    0.33784    0.48139    0.40975    0.55481    0.21097    0.80000    0.47925
   0.57054    0.47995    0.62725    0.45327    0.53789    0.34209    0.33946    0.45357    0.47925    0.80000

Distance Matrix between IFNIO and IFN4:
   0.80000    0.06298    0.06238    0.49264    0.37126    0.14851    0.61496    0.08252    0.65931    0.21097
   0.00754    0.80000    0.23208    0.43739    0.32041    0.07456    0.40781    0.12437    0.71628    0.26367
   0.45072    0.41532    0.80000    0.16486    0.38468    0.54595    0.55907    0.69908    0.54337    0.62825
   0.35817    0.32240    0.66419    0.80000    0.37098    0.66419    0.39470    0.75820    0.40804    0.79869
   0.45357    0.66367    0.66367    0.72020    0.80000    0.75168    0.42964    0.66367    0.37098    0.75888
   0.57759    0.57802    0.20431    0.00804    0.58265    0.80000    0.64656    0.50827    0.48863    0.58553
   0.66312    0.75820    0.66419    0.75888    0.06072    0.13755    0.80000    0.04930    0.43049    0.79869
   0.54307    0.60173    0.06114    0.69965    0.61143    0.52554    0.61687    0.80000    0.61834    0.29908
   0.61840    0.64656    0.35313    0.46216    0.16486    0.40975    0.09144    0.61097    0.80000    0.32075
   0.61679    0.47995    0.58100    0.34673    0.10836    0.45791    0.09179    0.34643    0.32075    0.80000

Distance Matrix between IFNIO and IFN5:
   0.80000    0.33702    0.12262    0.09264    0.42874    0.50226    0.13879    0.31748    0.09444    0.61097
   0.39246    0.80000    0.56792    0.28364    0.47959    0.47456    0.39219    0.37062    0.56253    0.66367
   0.13428    0.38468    0.80000    0.48139    0.36907    0.49970    0.24093    0.69908    0.04163    0.08200
   0.04183    0.32385    0.66419    0.80000    0.21402    0.44919    0.19030    0.71195    0.00804    0.75244
   0.45357    0.66367    0.61742    0.50520    0.80000    0.79793    0.37036    0.66367    0.42902    0.75888
   0.53134    0.57802    0.39569    0.17696    0.21735    0.80000    0.49281    0.13798    0.33488    0.06072
   0.61687    0.75820    0.66419    0.54388    0.58553    0.10870    0.80000    0.59555    0.36951    0.79869
   0.25693    0.44798    0.58511    0.65340    0.61143    0.12071    0.66312    0.80000    0.18166    0.69908
   0.13535    0.49281    0.07812    0.06216    0.48139    0.23650    0.55481    0.61097    0.80000    0.43300
   0.57054    0.47995    0.08100    0.40702    0.53789    0.30416    0.55446    0.45357    0.43300    0.80000

Distance Matrix between IFLNIO and IFN1:
   0.00000    0.80000    0.75375    0.40000    0.58500    0.00000    0.58500    0.58500    0.00000    0.00000
   0.58500    0.00000    0.75375    0.80000    0.75375    0.00000    0.75375    0.58500    0.00000    0.18500
   0.40000    0.40000    0.00000    0.43125    0.80000    0.00000    0.58500    0.35375    0.00000    0.33125
   0.40000    0.58500    0.18500    0.00000    0.58500    0.00000    0.58500    0.16875    0.58500    0.01875
   0.75375    0.18500    0.00000    0.00000    0.00000    0.01875    0.58500    0.18500    0.80000    0.00000
   0.14625    0.14625    0.24625    0.75375    0.40000    0.00000    0.58500    0.60000    0.40000    0.43125
   0.00000    0.00000    0.00000    0.16875    0.43125    0.60000    0.00000    0.33125    0.25375    0.01875
   0.58500    0.75375    0.43125    0.00000    0.00000    0.43125    0.35375    0.00000    0.25375    0.35375
   0.00000    0.00000    0.00000    0.40000    0.10000    0.00000    0.43125    0.00000    0.00000    0.75375
   0.00000    0.00000    0.33125    0.58500    0.24625    0.58500    0.60000    0.58500    0.75375    0.00000

Distance Matrix between IFLNIO and IFN2:
   0.00000    0.25375    0.40000    0.40000    0.58500    0.18500    0.15375    0.25375    0.80000    0.35375
   0.00000    0.00000    0.40000    0.75375    0.80000    0.00000    0.40000    0.58500    0.58500    0.35375
   0.58500    0.80000    0.00000    0.10000    0.40000    0.00000    0.58500    0.00000    0.75375    0.54625
   0.75375    0.58500    0.00000    0.00000    0.80000    0.40000    0.58500    0.00000    0.75375    0.06500
   0.58500    0.35375    0.18500    0.16875    0.00000    0.06500    0.40000    0.00000    0.58500    0.16875
   0.00000    0.00000    0.24625    0.75375    0.58500    0.00000    0.40000    0.10000    0.80000    0.64625
   0.35375    0.16875    0.18500    0.21500    0.64625    0.60000    0.00000    0.33125    0.80000    0.06500
   0.80000    0.80000    0.60000    0.40000    0.00000    0.43125    0.18500    0.00000    0.40000    0.35375
   0.25375    0.40000    0.40000    0.58500    0.43125    0.24625    0.43125    0.35375    0.00000    0.80000
   0.64625    0.80000    0.50000    0.75375    0.60000    0.80000    0.43125    0.75375    0.80000    0.00000

Distance Matrix between IFLNIO and IFN3:
   0.00000    0.00000    0.00000    0.75375    0.75375    0.18500    0.00000    0.00000    0.00000    0.40000
   0.80000    0.00000    0.00000    0.80000    0.80000    0.50000    0.58500    0.00000    0.00000    0.40000
   0.58500    0.75375    0.00000    0.64625    0.80000    0.54625    0.00000    0.35375    0.75375    0.54625
   0.00000    0.00000    0.40000    0.00000    0.80000    0.40000    0.80000    0.21500    0.75375    0.06500
   0.00000    0.00000    0.40000    0.21500    0.00000    0.01875    0.58500    0.35375    0.58500    0.21500
   0.54625    0.54625    0.43125    0.00000    0.00000    0.00000    0.00000    0.64625    0.75375    0.64625
   0.18500    0.16875    0.40000    0.21500    0.64625    0.64625    0.00000    0.54625    0.58500    0.01875
   0.00000    0.00000    0.64625    0.40000    0.40000    0.43125    0.00000    0.00000    0.00000    0.40000
   0.40000    0.58500    0.80000    0.80000    0.64625    0.64625    0.64625    0.00000    0.00000    0.80000
   0.60000    0.80000    0.54625    0.80000    0.64625    0.80000    0.43125    0.80000    0.80000    0.00000

Distance Matrix between IFLNIO and IFN4:
   0.00000    0.40000    0.40000    0.00000    0.00000    0.00000    0.00000    0.40000    0.00000    0.00000
   0.40000    0.00000    0.80000    0.00000    0.00000    0.14625    0.00000    0.40000    0.00000    0.00000
   0.00000    0.80000    0.00000    0.00000    0.00000    0.54625    0.00000    0.40000    0.00000    0.54625
   0.80000    0.80000    0.40000    0.00000    0.00000    0.40000    0.00000    0.21500    0.00000    0.06500
   0.80000    0.40000    0.40000    0.21500    0.00000    0.01875    0.00000    0.40000    0.00000    0.21500
   0.54625    0.54625    0.00000    0.40000    0.00000    0.00000    0.00000    0.64625    0.00000    0.64625
   0.40000    0.21500    0.40000    0.21500    0.00000    0.24625    0.00000    0.00000    0.00000    0.06500
   0.00000    0.00000    0.00000    0.40000    0.40000    0.64625    0.35375    0.00000    0.00000    0.00000
   0.00000    0.00000    0.15375    0.00000    0.00000    0.64625    0.00000    0.40000    0.00000    0.00000
   0.64625    0.80000    0.50000    0.00000    0.00000    0.00000    0.00000    0.00000    0.00000    0.00000

Distance Matrix between IFLNIO and IFN5:
   0.00000    0.80000    0.58500    0.40000    0.80000    0.35375    0.75375    0.80000    0.75375    0.40000
   0.80000    0.00000    0.00000    0.15375    0.80000    0.54625    0.80000    0.15375    0.15375    0.40000
   0.58500    0.00000    0.00000    0.64625    0.75375    0.50000    0.80000    0.40000    0.58500    0.00000
   0.40000    0.15375    0.40000    0.00000    0.58500    0.18500    0.58500    0.16875    0.40000    0.01875
   0.80000    0.40000    0.35375    0.00000    0.00000    0.06500    0.80000    0.40000    0.80000    0.21500
   0.50000    0.54625    0.60000    0.58500    0.80000    0.00000    0.15375    0.00000    0.15375    0.00000
   0.35375    0.21500    0.40000    0.00000    0.64625    0.00000    0.00000    0.54625    0.80000    0.06500
   0.80000    0.15375    0.64625    0.35375    0.40000    0.00000    0.40000    0.00000    0.80000    0.40000
   0.75375    0.15375    0.58500    0.40000    0.64625    0.00000    0.64625    0.40000    0.00000    0.75375
   0.60000    0.80000    0.00000    0.75375    0.64625    0.15375    0.64625    0.80000    0.75375    0.00000

Distance Matrix between IFRNIO and IFN1:
   0.00000    0.00000    0.00000    0.35375    0.23208    0.35375    0.16875    0.21500    0.81708    0.41708
   0.21500    0.00000    0.06333    0.01708    0.06333    0.56333    0.06333    0.00000    0.58500    0.23208
   0.18500    0.41708    0.00000    0.21500    0.01708    0.56333    0.21500    0.06333    0.75375    0.21500
   0.41708    0.21500    0.21500    0.00000    0.21500    0.40000    0.21500    0.06333    0.16875    0.06333
   0.06333    0.23208    0.41708    0.23208    0.00000    0.06333    0.21500    0.23208    0.00000    0.23208
   0.41708    0.40000    0.35375    0.00000    0.40000    0.00000    0.00000    0.06333    0.41708    0.21500
   0.41708    0.23208    0.40000    0.06333    0.21500    0.06333    0.00000    0.21500    0.54625    0.06333
   0.21500    0.06333    0.23208    0.41708    0.40000    0.21500    0.06333    0.00000    0.54625    0.06333
   0.75375    0.58500    0.80000    0.40000    0.54625    0.64625    0.21500    0.41708    0.00000    0.06333
   0.66333    0.80000    0.23208    0.23208    0.41708    0.21500    0.06333    0.23208    0.06333    0.00000

Distance Matrix between IFRNIO and IFN2:
   0.00000    0.54625    0.35375    0.35375    0.23208    0.16875    0.60000    0.54625    0.01708    0.06333
   0.80000    0.00000    0.41708    0.06333    0.01708    0.56333    0.41708    0.00000    0.00000    0.06333
   0.00000    0.01708    0.00000    0.54625    0.41708    0.56333    0.21500    0.41708    0.00000    0.00000
   0.06333    0.21500    0.40000    0.00000    0.00000    0.00000    0.21500    0.23208    0.00000    0.01708
   0.23208    0.06333    0.23208    0.06333    0.00000    0.01708    0.40000    0.41708    0.21500    0.06333
   0.56333    0.54625    0.35375    0.00000    0.21500    0.00000    0.18500    0.56333    0.01708    0.00000
   0.06333    0.06333    0.21500    0.01708    0.00000    0.06333    0.00000    0.21500    0.00000    0.01708
   0.00000    0.01708    0.06333    0.01708    0.40000    0.21500    0.23208    0.00000    0.40000    0.06333
   0.50000    0.18500    0.40000    0.21500    0.21500    0.40000    0.21500    0.06333    0.00000    0.01708
   0.01708    0.00000    0.06333    0.06333    0.06333    0.00000    0.23208    0.06333    0.01708    0.00000

Distance Matrix between IFRNIO and IFN3:
   0.00000    0.80000    0.75375    0.00000    0.06333    0.16875    0.75375    0.80000    0.81708    0.01708
   0.00000    0.00000    0.81708    0.01708    0.01708    0.06333    0.23208    0.58500    0.58500    0.01708
   0.00000    0.06333    0.00000    0.00000    0.01708    0.01708    0.80000    0.06333    0.00000    0.00000
   0.81708    0.80000    0.00000    0.00000    0.00000    0.00000    0.00000    0.01708    0.00000    0.01708
   0.81708    0.41708    0.01708    0.01708    0.00000    0.06333    0.21500    0.06333    0.21500    0.01708
   0.01708    0.00000    0.16875    0.75375    0.80000    0.00000    0.58500    0.01708    0.06333    0.00000
   0.23208    0.06333    0.00000    0.01708    0.00000    0.01708    0.00000    0.00000    0.21500    0.06333
   0.80000    0.81708    0.01708    0.01708    0.00000    0.21500    0.41708    0.00000    0.80000    0.01708
   0.35375    0.00000    0.00000    0.00000    0.00000    0.00000    0.00000    0.41708    0.00000    0.01708
   0.06333    0.00000    0.01708    0.01708    0.01708    0.00000    0.23208    0.01708    0.01708    0.00000

Distance Matrix between IFRNIO and IFN4:
   0.00000    0.40000    0.35375    0.75375    0.81708    0.35375    0.75375    0.40000    0.81708    0.41708
   0.40000    0.00000    0.01708    0.81708    0.81708    0.41708    0.81708    0.18500    0.58500    0.41708
   0.58500    0.01708    0.00000    0.64625    0.81708    0.01708    0.80000    0.01708    0.75375    0.00000
   0.01708    0.00000    0.00000    0.00000    0.80000    0.00000    0.80000    0.01708    0.75375    0.01708
   0.01708    0.01708    0.01708    0.01708    0.00000    0.06333    0.80000    0.01708    0.80000    0.01708
   0.01708    0.00000    0.60000    0.35375    0.80000    0.00000    0.58500    0.01708    0.81708    0.00000
   0.01708    0.01708    0.00000    0.01708    0.64625    0.41708    0.00000    0.54625    0.80000    0.01708
   0.80000    0.81708    0.66333    0.01708    0.00000    0.00000    0.06333    0.00000    0.80000    0.41708
   0.75375    0.58500    0.64625    0.80000    0.64625    0.00000    0.64625    0.01708    0.00000    0.81708
   0.01708    0.00000    0.06333    0.81708    0.66333    0.80000    0.66333    0.81708    0.81708    0.00000

Distance Matrix between IFRNIO and IFN5:
   0.00000    0.00000    0.16875    0.35375    0.01708    0.00000    0.00000    0.00000    0.06333    0.01708
   0.00000    0.00000    0.81708    0.66333    0.01708    0.01708    0.01708    0.43125    0.43125    0.01708
   0.00000    0.81708    0.00000    0.00000    0.06333    0.06333    0.00000    0.01708    0.16875    0.54625
   0.41708    0.64625    0.00000    0.00000    0.21500    0.21500    0.21500    0.06333    0.35375    0.06333
   0.01708    0.01708    0.06333    0.23208    0.00000    0.01708    0.00000    0.01708    0.00000    0.01708
   0.06333    0.00000    0.00000    0.16875    0.00000    0.00000    0.43125    0.66333    0.66333    0.64625
   0.06333    0.01708    0.00000    0.23208    0.00000    0.66333    0.00000    0.00000    0.00000    0.01708
   0.00000    0.66333    0.01708    0.06333    0.00000    0.64625    0.01708    0.00000    0.00000    0.01708
   0.00000    0.43125    0.21500    0.40000    0.00000    0.64625    0.00000    0.01708    0.00000    0.06333
   0.06333    0.00000    0.56333    0.06333    0.01708    0.64625    0.01708    0.01708    0.06333    0.00000

DistanceMatrix (Summation of Distance Matrices):
+-------------------------------------------------------+
|       IFPIO | IFNIO | IFLNIO | IFRNIO |
|-------------------------------------------------------|
| Expert_1   17.57113 |   36.58288 |   31.11250 |   24.70625 |
| Expert_2   19.13851 |   38.99408 |   38.33875 |   17.48000 |
| Expert_3   22.26366 |   51.90510 |   37.57500 |   18.24375 |
| Expert_4   21.91484 |   48.00176 |   19.64000 |   36.17875 |
| Expert_5   22.56763 |   45.47344 |   40.26500 |   15.55375 |
+-------------------------------------------------------+

Closeness Coefficients for each Expert:
Expert_1:    0.84022
Expert_2:    0.83205
Expert_3:    0.82872
Expert_4:    0.82571
Expert_5:    0.81780

Table of  μ, ν, and π values for each Expert:
IFN     |      μ     |   ν   | π
--------------------------------------------------
Expert_1|    0.67553 |    0.15978 |    0.16469
Expert_2|    0.67078 |    0.16795 |    0.16127
Expert_3|    0.69982 |    0.17128 |    0.12890
Expert_4|    0.68656 |    0.17429 |    0.13915
Expert_5|    0.66832 |    0.18220 |    0.14947

Weights (W) and Normalized Weights (NW) for each Expert:
Expert     |     W      |     NW
----------------------------------------
Expert_1|    0.80872 |    0.20243
Expert_2|    0.79975 |    0.20018
Expert_3|    0.80338 |    0.20109
Expert_4|    0.79753 |    0.19962
Expert_5|    0.78578 |    0.19668


Expert Weighted IFN Matrices:

Matric 1:
(0.02, 0.18), (0.18, 0.02), (0.16, 0.01), (0.10, 0.10), (0.13, 0.05), (0.10, 0.10), (0.13, 0.05), (0.13, 0.05), (0.02, 0.18), (0.10, 0.10)
(0.13, 0.05), (0.02, 0.18), (0.16, 0.01), (0.18, 0.02), (0.16, 0.01), (0.06, 0.11), (0.16, 0.01), (0.13, 0.05), (0.02, 0.18), (0.13, 0.05)
(0.10, 0.10), (0.10, 0.10), (0.02, 0.18), (0.13, 0.05), (0.18, 0.02), (0.06, 0.11), (0.13, 0.05), (0.16, 0.01), (0.02, 0.18), (0.13, 0.05)
(0.10, 0.10), (0.13, 0.05), (0.13, 0.05), (0.02, 0.18), (0.13, 0.05), (0.10, 0.10), (0.13, 0.05), (0.16, 0.01), (0.13, 0.05), (0.16, 0.01)
(0.16, 0.01), (0.13, 0.05), (0.10, 0.10), (0.13, 0.05), (0.02, 0.18), (0.16, 0.01), (0.13, 0.05), (0.13, 0.05), (0.18, 0.02), (0.13, 0.05)
(0.10, 0.10), (0.10, 0.10), (0.10, 0.10), (0.16, 0.01), (0.10, 0.10), (0.02, 0.18), (0.13, 0.05), (0.16, 0.01), (0.10, 0.10), (0.13, 0.05)
(0.10, 0.10), (0.13, 0.05), (0.10, 0.10), (0.16, 0.01), (0.13, 0.05), (0.16, 0.01), (0.02, 0.18), (0.13, 0.05), (0.06, 0.11), (0.16, 0.01)
(0.13, 0.05), (0.16, 0.01), (0.13, 0.05), (0.10, 0.10), (0.10, 0.10), (0.13, 0.05), (0.16, 0.01), (0.02, 0.18), (0.06, 0.11), (0.16, 0.01)
(0.02, 0.18), (0.02, 0.18), (0.02, 0.18), (0.10, 0.10), (0.06, 0.11), (0.04, 0.13), (0.13, 0.05), (0.10, 0.10), (0.02, 0.18), (0.16, 0.01)
(0.04, 0.13), (0.02, 0.18), (0.13, 0.05), (0.13, 0.05), (0.10, 0.10), (0.13, 0.05), (0.16, 0.01), (0.13, 0.05), (0.16, 0.01), (0.02, 0.18)

Matric 2:
(0.02, 0.18), (0.06, 0.11), (0.10, 0.10), (0.10, 0.10), (0.13, 0.05), (0.13, 0.05), (0.04, 0.13), (0.06, 0.11), (0.18, 0.02), (0.16, 0.01)
(0.02, 0.18), (0.02, 0.18), (0.10, 0.10), (0.16, 0.01), (0.18, 0.02), (0.06, 0.11), (0.10, 0.10), (0.13, 0.05), (0.13, 0.05), (0.16, 0.01)
(0.13, 0.05), (0.18, 0.02), (0.02, 0.18), (0.06, 0.11), (0.10, 0.10), (0.06, 0.11), (0.13, 0.05), (0.10, 0.10), (0.16, 0.01), (0.18, 0.02)
(0.16, 0.01), (0.13, 0.05), (0.10, 0.10), (0.02, 0.18), (0.18, 0.02), (0.18, 0.02), (0.13, 0.05), (0.13, 0.05), (0.16, 0.01), (0.18, 0.02)
(0.13, 0.05), (0.16, 0.01), (0.13, 0.05), (0.16, 0.01), (0.02, 0.18), (0.18, 0.02), (0.10, 0.10), (0.10, 0.10), (0.13, 0.05), (0.16, 0.01)
(0.06, 0.11), (0.06, 0.11), (0.10, 0.10), (0.16, 0.01), (0.13, 0.05), (0.02, 0.18), (0.10, 0.10), (0.06, 0.11), (0.18, 0.02), (0.18, 0.02)
(0.16, 0.01), (0.16, 0.01), (0.13, 0.05), (0.18, 0.02), (0.18, 0.02), (0.16, 0.01), (0.02, 0.18), (0.13, 0.05), (0.18, 0.02), (0.18, 0.02)
(0.18, 0.02), (0.18, 0.02), (0.16, 0.01), (0.18, 0.02), (0.10, 0.10), (0.13, 0.05), (0.13, 0.05), (0.02, 0.18), (0.10, 0.10), (0.16, 0.01)
(0.06, 0.11), (0.10, 0.10), (0.10, 0.10), (0.13, 0.05), (0.13, 0.05), (0.10, 0.10), (0.13, 0.05), (0.16, 0.01), (0.02, 0.18), (0.18, 0.02)
(0.18, 0.02), (0.18, 0.02), (0.16, 0.01), (0.16, 0.01), (0.16, 0.01), (0.18, 0.02), (0.13, 0.05), (0.16, 0.01), (0.18, 0.02), (0.02, 0.18)

Matric 3:
(0.02, 0.18), (0.02, 0.18), (0.02, 0.18), (0.16, 0.01), (0.16, 0.01), (0.13, 0.05), (0.02, 0.18), (0.02, 0.18), (0.02, 0.18), (0.18, 0.02)
(0.18, 0.02), (0.02, 0.18), (0.02, 0.18), (0.18, 0.02), (0.18, 0.02), (0.16, 0.01), (0.13, 0.05), (0.02, 0.18), (0.02, 0.18), (0.18, 0.02)
(0.13, 0.05), (0.16, 0.01), (0.02, 0.18), (0.18, 0.02), (0.18, 0.02), (0.18, 0.02), (0.02, 0.18), (0.16, 0.01), (0.16, 0.01), (0.18, 0.02)
(0.02, 0.18), (0.02, 0.18), (0.18, 0.02), (0.02, 0.18), (0.18, 0.02), (0.18, 0.02), (0.18, 0.02), (0.18, 0.02), (0.16, 0.01), (0.18, 0.02)
(0.02, 0.18), (0.10, 0.10), (0.18, 0.02), (0.18, 0.02), (0.02, 0.18), (0.16, 0.01), (0.13, 0.05), (0.16, 0.01), (0.13, 0.05), (0.18, 0.02)
(0.18, 0.02), (0.18, 0.02), (0.13, 0.05), (0.02, 0.18), (0.02, 0.18), (0.02, 0.18), (0.02, 0.18), (0.18, 0.02), (0.16, 0.01), (0.18, 0.02)
(0.13, 0.05), (0.16, 0.01), (0.18, 0.02), (0.18, 0.02), (0.18, 0.02), (0.18, 0.02), (0.02, 0.18), (0.18, 0.02), (0.13, 0.05), (0.16, 0.01)
(0.02, 0.18), (0.02, 0.18), (0.18, 0.02), (0.18, 0.02), (0.18, 0.02), (0.13, 0.05), (0.10, 0.10), (0.02, 0.18), (0.02, 0.18), (0.18, 0.02)
(0.10, 0.10), (0.13, 0.05), (0.18, 0.02), (0.18, 0.02), (0.18, 0.02), (0.18, 0.02), (0.18, 0.02), (0.10, 0.10), (0.02, 0.18), (0.18, 0.02)
(0.16, 0.01), (0.18, 0.02), (0.18, 0.02), (0.18, 0.02), (0.18, 0.02), (0.18, 0.02), (0.13, 0.05), (0.18, 0.02), (0.18, 0.02), (0.02, 0.18)

Matric 4:
(0.02, 0.18), (0.10, 0.10), (0.10, 0.10), (0.02, 0.18), (0.02, 0.18), (0.10, 0.10), (0.02, 0.18), (0.10, 0.10), (0.02, 0.18), (0.10, 0.10)
(0.10, 0.10), (0.02, 0.18), (0.18, 0.02), (0.02, 0.18), (0.02, 0.18), (0.10, 0.10), (0.02, 0.18), (0.10, 0.10), (0.02, 0.18), (0.10, 0.10)
(0.02, 0.18), (0.18, 0.02), (0.02, 0.18), (0.04, 0.13), (0.02, 0.18), (0.18, 0.02), (0.02, 0.18), (0.18, 0.02), (0.02, 0.18), (0.18, 0.02)
(0.18, 0.02), (0.18, 0.02), (0.18, 0.02), (0.02, 0.18), (0.02, 0.18), (0.18, 0.02), (0.02, 0.18), (0.18, 0.02), (0.02, 0.18), (0.18, 0.02)
(0.18, 0.02), (0.18, 0.02), (0.18, 0.02), (0.18, 0.02), (0.02, 0.18), (0.16, 0.01), (0.02, 0.18), (0.18, 0.02), (0.02, 0.18), (0.18, 0.02)
(0.18, 0.02), (0.18, 0.02), (0.04, 0.13), (0.10, 0.10), (0.02, 0.18), (0.02, 0.18), (0.02, 0.18), (0.18, 0.02), (0.02, 0.18), (0.18, 0.02)
(0.18, 0.02), (0.18, 0.02), (0.18, 0.02), (0.18, 0.02), (0.04, 0.13), (0.10, 0.10), (0.02, 0.18), (0.06, 0.11), (0.02, 0.18), (0.18, 0.02)
(0.02, 0.18), (0.02, 0.18), (0.04, 0.13), (0.18, 0.02), (0.18, 0.02), (0.18, 0.02), (0.16, 0.01), (0.02, 0.18), (0.02, 0.18), (0.10, 0.10)
(0.02, 0.18), (0.02, 0.18), (0.04, 0.13), (0.02, 0.18), (0.04, 0.13), (0.18, 0.02), (0.04, 0.13), (0.18, 0.02), (0.02, 0.18), (0.02, 0.18)
(0.18, 0.02), (0.18, 0.02), (0.16, 0.01), (0.02, 0.18), (0.04, 0.13), (0.02, 0.18), (0.04, 0.13), (0.02, 0.18), (0.02, 0.18), (0.02, 0.18)

Matric 5:
(0.02, 0.18), (0.18, 0.02), (0.13, 0.05), (0.10, 0.10), (0.18, 0.02), (0.16, 0.01), (0.16, 0.01), (0.18, 0.02), (0.16, 0.01), (0.18, 0.02)
(0.18, 0.02), (0.02, 0.18), (0.02, 0.18), (0.04, 0.13), (0.18, 0.02), (0.18, 0.02), (0.18, 0.02), (0.04, 0.13), (0.04, 0.13), (0.18, 0.02)
(0.13, 0.05), (0.02, 0.18), (0.02, 0.18), (0.18, 0.02), (0.16, 0.01), (0.16, 0.01), (0.18, 0.02), (0.18, 0.02), (0.13, 0.05), (0.06, 0.11)
(0.10, 0.10), (0.04, 0.13), (0.18, 0.02), (0.02, 0.18), (0.13, 0.05), (0.13, 0.05), (0.13, 0.05), (0.16, 0.01), (0.10, 0.10), (0.16, 0.01)
(0.18, 0.02), (0.18, 0.02), (0.16, 0.01), (0.13, 0.05), (0.02, 0.18), (0.18, 0.02), (0.18, 0.02), (0.18, 0.02), (0.18, 0.02), (0.18, 0.02)
(0.16, 0.01), (0.18, 0.02), (0.16, 0.01), (0.13, 0.05), (0.18, 0.02), (0.02, 0.18), (0.04, 0.13), (0.04, 0.13), (0.04, 0.13), (0.04, 0.13)
(0.16, 0.01), (0.18, 0.02), (0.18, 0.02), (0.13, 0.05), (0.18, 0.02), (0.04, 0.13), (0.02, 0.18), (0.18, 0.02), (0.18, 0.02), (0.18, 0.02)
(0.18, 0.02), (0.04, 0.13), (0.18, 0.02), (0.16, 0.01), (0.18, 0.02), (0.04, 0.13), (0.18, 0.02), (0.02, 0.18), (0.18, 0.02), (0.18, 0.02)
(0.16, 0.01), (0.04, 0.13), (0.13, 0.05), (0.10, 0.10), (0.18, 0.02), (0.04, 0.13), (0.18, 0.02), (0.18, 0.02), (0.02, 0.18), (0.16, 0.01)
(0.16, 0.01), (0.18, 0.02), (0.06, 0.11), (0.16, 0.01), (0.18, 0.02), (0.04, 0.13), (0.18, 0.02), (0.18, 0.02), (0.16, 0.01), (0.02, 0.18)

Intuitionistic Fuzzy Weight Aggregated Inter-influence Matrix (IFWAIIM):
(0.10, 0.90), (0.41, 0.55), (0.42, 0.55), (0.40, 0.59), (0.50, 0.45), (0.61, 0.33), (0.25, 0.70), (0.39, 0.57), (0.23, 0.76), (0.69, 0.28)
(0.48, 0.50), (0.10, 0.90), (0.33, 0.66), (0.42, 0.51), (0.57, 0.41), (0.50, 0.39), (0.47, 0.50), (0.34, 0.60), (0.17, 0.81), (0.73, 0.22)
(0.42, 0.54), (0.51, 0.48), (0.10, 0.90), (0.50, 0.37), (0.50, 0.48), (0.57, 0.31), (0.33, 0.65), (0.76, 0.18), (0.33, 0.63), (0.68, 0.24)
(0.45, 0.54), (0.38, 0.55), (0.75, 0.23), (0.10, 0.90), (0.51, 0.46), (0.75, 0.23), (0.48, 0.48), (0.80, 0.11), (0.46, 0.49), (0.86, 0.08)
(0.53, 0.44), (0.73, 0.22), (0.73, 0.22), (0.77, 0.15), (0.10, 0.90), (0.84, 0.07), (0.45, 0.52), (0.73, 0.22), (0.51, 0.46), (0.82, 0.12)
(0.63, 0.30), (0.64, 0.30), (0.48, 0.43), (0.46, 0.49), (0.31, 0.68), (0.10, 0.90), (0.23, 0.73), (0.52, 0.34), (0.37, 0.57), (0.63, 0.28)
(0.71, 0.21), (0.80, 0.11), (0.75, 0.23), (0.82, 0.12), (0.62, 0.28), (0.57, 0.32), (0.10, 0.90), (0.63, 0.27), (0.44, 0.51), (0.86, 0.08)
(0.35, 0.64), (0.27, 0.69), (0.61, 0.27), (0.78, 0.19), (0.71, 0.29), (0.55, 0.33), (0.71, 0.21), (0.10, 0.90), (0.27, 0.71), (0.76, 0.18)
(0.26, 0.71), (0.23, 0.74), (0.36, 0.59), (0.43, 0.56), (0.50, 0.38), (0.44, 0.45), (0.58, 0.31), (0.69, 0.28), (0.10, 0.90), (0.55, 0.41)
(0.63, 0.24), (0.58, 0.42), (0.65, 0.23), (0.52, 0.43), (0.58, 0.33), (0.40, 0.54), (0.57, 0.30), (0.53, 0.43), (0.55, 0.41), (0.10, 0.90)

Crisp Inter-Influence Matrix (CIIM):
0.10, 0.43, 0.43, 0.41, 0.52, 0.64, 0.28, 0.41, 0.24, 0.71
0.49, 0.10, 0.33, 0.45, 0.58, 0.56, 0.49, 0.37, 0.18, 0.76
0.44, 0.52, 0.10, 0.56, 0.51, 0.63, 0.34, 0.79, 0.35, 0.72
0.45, 0.41, 0.76, 0.10, 0.52, 0.76, 0.50, 0.85, 0.49, 0.89
0.55, 0.76, 0.76, 0.81, 0.10, 0.88, 0.47, 0.76, 0.52, 0.85
0.66, 0.67, 0.53, 0.48, 0.31, 0.10, 0.25, 0.59, 0.40, 0.67
0.75, 0.85, 0.76, 0.85, 0.67, 0.62, 0.10, 0.68, 0.46, 0.89
0.35, 0.29, 0.67, 0.79, 0.71, 0.61, 0.75, 0.10, 0.28, 0.79
0.28, 0.25, 0.38, 0.44, 0.56, 0.49, 0.64, 0.71, 0.10, 0.57
0.70, 0.58, 0.71, 0.55, 0.62, 0.43, 0.64, 0.55, 0.57, 0.10

========================================
Maximum Value in CIIM: 6.95
========================================

Normalized Inter-Influence Matrix (N-IIM):
0.01, 0.06, 0.06, 0.06, 0.08, 0.09, 0.04, 0.06, 0.03, 0.10
0.07, 0.01, 0.05, 0.07, 0.08, 0.08, 0.07, 0.05, 0.03, 0.11
0.06, 0.07, 0.01, 0.08, 0.07, 0.09, 0.05, 0.11, 0.05, 0.10
0.07, 0.06, 0.11, 0.01, 0.08, 0.11, 0.07, 0.12, 0.07, 0.13
0.08, 0.11, 0.11, 0.12, 0.01, 0.13, 0.07, 0.11, 0.08, 0.12
0.10, 0.10, 0.08, 0.07, 0.05, 0.01, 0.04, 0.09, 0.06, 0.10
0.11, 0.12, 0.11, 0.12, 0.10, 0.09, 0.01, 0.10, 0.07, 0.13
0.05, 0.04, 0.10, 0.11, 0.10, 0.09, 0.11, 0.01, 0.04, 0.11
0.04, 0.04, 0.06, 0.06, 0.08, 0.07, 0.09, 0.10, 0.01, 0.08
0.10, 0.08, 0.10, 0.08, 0.09, 0.06, 0.09, 0.08, 0.08, 0.01

Inverse of (I - n_iim):
[1.19, 0.24, 0.26, 0.25, 0.25, 0.29, 0.20, 0.26, 0.17, 0.34]
[0.25, 1.20, 0.25, 0.27, 0.27, 0.29, 0.23, 0.26, 0.17, 0.36]
[0.27, 0.28, 1.25, 0.31, 0.29, 0.33, 0.24, 0.35, 0.21, 0.39]
[0.30, 0.30, 0.37, 1.28, 0.32, 0.38, 0.29, 0.39, 0.25, 0.45]
[0.34, 0.36, 0.40, 0.40, 1.29, 0.42, 0.31, 0.41, 0.27, 0.48]
[0.28, 0.28, 0.29, 0.28, 0.25, 1.24, 0.21, 0.30, 0.20, 0.36]
[0.37, 0.38, 0.41, 0.42, 0.38, 0.40, 1.26, 0.41, 0.27, 0.50]
[0.28, 0.27, 0.35, 0.36, 0.34, 0.35, 0.31, 1.29, 0.22, 0.43]
[0.23, 0.23, 0.27, 0.27, 0.28, 0.29, 0.26, 0.32, 1.16, 0.34]
[0.32, 0.30, 0.35, 0.33, 0.32, 0.32, 0.29, 0.34, 0.25, 1.33]

Total Inter-Influence Matrix (T-IIM):
0.19, 0.24, 0.26, 0.25, 0.25, 0.29, 0.20, 0.26, 0.17, 0.34
0.25, 0.20, 0.25, 0.27, 0.27, 0.29, 0.23, 0.26, 0.17, 0.36
0.27, 0.28, 0.25, 0.31, 0.29, 0.33, 0.24, 0.35, 0.21, 0.39
0.30, 0.30, 0.37, 0.28, 0.32, 0.38, 0.29, 0.39, 0.25, 0.45
0.34, 0.36, 0.40, 0.40, 0.29, 0.42, 0.31, 0.41, 0.27, 0.48
0.28, 0.28, 0.29, 0.28, 0.25, 0.24, 0.21, 0.30, 0.20, 0.36
0.37, 0.38, 0.41, 0.42, 0.38, 0.40, 0.26, 0.41, 0.27, 0.50
0.28, 0.27, 0.35, 0.36, 0.34, 0.35, 0.31, 0.29, 0.22, 0.43
0.23, 0.23, 0.27, 0.27, 0.28, 0.29, 0.26, 0.32, 0.16, 0.34
0.32, 0.30, 0.35, 0.33, 0.32, 0.32, 0.29, 0.34, 0.25, 0.33

========================================
Threshold : 0.3379
========================================

========================================
Minimum : 0.1594
========================================

========================================
Maximum : 0.4976
========================================

Modified Total Inter-Influence Matrix:
1.19, 0.24, 0.26, 0.25, 0.25, 0.29, 0.20, 0.26, 0.17, 0.34
0.25, 1.20, 0.25, 0.27, 0.27, 0.29, 0.23, 0.26, 0.17, 0.36
0.27, 0.28, 1.25, 0.31, 0.29, 0.33, 0.24, 0.35, 0.21, 0.39
0.30, 0.30, 0.37, 1.28, 0.32, 0.38, 0.29, 0.39, 0.25, 0.45
0.34, 0.36, 0.40, 0.40, 1.29, 0.42, 0.31, 0.41, 0.27, 0.48
0.28, 0.28, 0.29, 0.28, 0.25, 1.24, 0.21, 0.30, 0.20, 0.36
0.37, 0.38, 0.41, 0.42, 0.38, 0.40, 1.26, 0.41, 0.27, 0.50
0.28, 0.27, 0.35, 0.36, 0.34, 0.35, 0.31, 1.29, 0.22, 0.43
0.23, 0.23, 0.27, 0.27, 0.28, 0.29, 0.26, 0.32, 1.16, 0.34
0.32, 0.30, 0.35, 0.33, 0.32, 0.32, 0.29, 0.34, 0.25, 1.33

Reachability Matrix:
1, 0, 0, 0, 0, 0, 0, 0, 0, 1
0, 1, 0, 0, 0, 0, 0, 0, 0, 1
0, 0, 1, 0, 0, 0, 0, 1, 0, 1
0, 0, 1, 1, 0, 1, 0, 1, 0, 1
0, 1, 1, 1, 1, 1, 0, 1, 0, 1
0, 0, 0, 0, 0, 1, 0, 0, 0, 1
1, 1, 1, 1, 1, 1, 1, 1, 0, 1
0, 0, 1, 1, 0, 1, 0, 1, 0, 1
0, 0, 0, 0, 0, 0, 0, 0, 1, 1
0, 0, 1, 0, 0, 0, 0, 1, 0, 1
+--------+-----+-------------+-------------+
| Factor | DAI | #Influenced | #Influent_DA |
+--------+-----+-------------+-------------+
| 1      | 1   | 1           | 1           |
+--------+-----+-------------+-------------+
| 2      | 1   | 1           | 2           |
+--------+-----+-------------+-------------+
| 3      | 1   | 2           | 5           |
+--------+-----+-------------+-------------+
| 4      | 1   | 4           | 3           |
+--------+-----+-------------+-------------+
| 5      | 1   | 6           | 1           |
+--------+-----+-------------+-------------+
| 6      | 1   | 1           | 4           |
+--------+-----+-------------+-------------+
| 7      | 1   | 8           | 0           |
+--------+-----+-------------+-------------+
| 8      | 1   | 4           | 5           |
+--------+-----+-------------+-------------+
| 9      | 1   | 1           | 0           |
+--------+-----+-------------+-------------+
| 10     | 1   | 2           | 9           |
+--------+-----+-------------+-------------+
Initial Level Partitioning
 Factor  DAI  #Influenced  #Influent_DA Level
      1    1            1             1   2-a
      2    1            1             2   3-a
      3    1            2             5   6-a
      4    1            4             3   4-a
      5    1            6             1   2-b
      6    1            1             4   5-a
      7    1            8             0   1-b
      8    1            4             5   6-b
      9    1            1             0   1-a
     10    1            2             9   7-a

Iteration 1
 Factor  DAI  #Influenced  #Influent_DA Level
      1    1            1             1   2-a
      2    1            1             2   3-a
      3    1            2             3   4-b
      4    1            4             2   3-b
      5    1            6             1   2-b
      6    1            1             3   4-a
      7    1            8             0   1-b
      8    1            1             4   5-a
      9    1            1             0   1-a
     10    1            0             9   6-a

Sub Level Depth Of Factors
 Factor  DAI  #Influenced  #Influent_DA Level  SubLevelDepth
      1    1            1             1   2-a              3
      2    1            1             2   3-a              5
      3    1            2             3   4-b              8
      4    1            4             2   3-b              6
      5    1            6             1   2-b              4
      6    1            1             3   4-a              7
      7    1            8             0   1-b              2
      8    1            1             4   5-a              9
      9    1            1             0   1-a              1
     10    1            0             9   6-a             10

Importance Of Factors
 Factor  DAI  #Influenced  #Influent_DA Level  SubLevelDepth      ULD      LLD  TotalDrive  TotalDependence       SLI     IMP_F  Rank
      1    1            1             1   2-a              3 1.883561 0.600650    2.439061         2.824341  0.375000  0.375000     8
      2    1            1             2   3-a              5 1.429528 1.211690    2.550219         2.842490  0.833333  0.833333     6
      3    1            2             3   4-b              8 0.733534 2.240948    2.890010         3.189606  2.666667  2.666667     3
      4    1            4             2   3-b              6 1.589877 1.607200    3.322188         3.162677  1.200000  1.200000     5
      5    1            6             1   2-b              4 2.476340 0.905245    3.680605         2.975228  0.571429  0.571429     7
      6    1            1             3   4-a              7 0.945865 2.066565    2.676071         3.300629  1.750000  1.750000     4
      7    1            8             0   1-b              2 3.262956 0.263199    3.795687         2.609963  0.222222  0.222222     9
      8    1            1             4   5-a              9 0.426198 2.711327    3.192575         3.338149  4.500000  4.500000     2
      9    1            1             0   1-a              1 2.492452 0.000000    2.651876         2.149587  0.100000  0.100000    10
     10    1            0             9   6-a             10 0.000000 3.633486    3.158157         3.963779 10.000000 10.000000     1

